10
0 16 29 20 97 54 14 51 92 2 
16 0 38 62 89 65 91 91 35 12 
29 38 0 76 52 69 84 90 86 54 
20 62 76 0 87 72 17 72 67 90 
97 89 52 87 0 80 23 31 32 78 
54 65 69 72 80 0 16 55 79 73 
14 91 84 17 23 16 0 90 56 87 
51 91 90 72 31 55 90 0 80 97 
92 35 86 67 32 79 56 80 0 82 
2 12 54 90 78 73 87 97 82 0 
10
0 68 25 21 20 43 79 7 37 71 
68 0 61 84 30 80 67 24 99 62 
25 61 0 37 57 63 64 76 18 53 
21 84 37 0 26 67 8 45 73 5 
20 30 57 26 0 11 88 14 36 11 
43 80 63 67 11 0 87 37 89 89 
79 67 64 8 88 87 0 90 12 89 
7 24 76 45 14 37 90 0 12 8 
37 99 18 73 36 89 12 12 0 79 
71 62 53 5 11 89 89 8 79 0 
10
0 51 93 52 80 79 91 22 89 47 
51 0 86 76 83 42 74 79 11 79 
93 86 0 49 23 65 71 49 74 21 
52 76 49 0 14 2 45 54 6 66 
80 83 23 14 0 33 99 19 1 66 
79 42 65 2 33 0 64 76 19 52 
91 74 71 45 99 64 0 56 92 90 
22 79 49 54 19 76 56 0 99 5 
89 11 74 6 1 19 92 99 0 81 
47 79 21 66 66 52 90 5 81 0 
10
0 63 35 22 74 67 49 98 47 31 
63 0 14 42 51 48 18 57 70 59 
35 14 0 13 47 76 6 3 56 56 
22 42 13 0 50 76 25 97 63 75 
74 51 47 50 0 47 58 49 30 49 
67 48 76 76 47 0 41 74 69 58 
49 18 6 25 58 41 0 89 1 86 
98 57 3 97 49 74 89 0 48 88 
47 70 56 63 30 69 1 48 0 88 
31 59 56 75 49 58 86 88 88 0 
10
0 45 2 54 33 4 63 14 99 9 
45 0 40 36 4 8 25 12 83 76 
2 40 0 26 12 79 13 72 13 24 
54 36 26 0 38 11 60 7 94 39 
33 4 12 38 0 71 69 56 95 5 
4 8 79 11 71 0 18 14 97 20 
63 25 13 60 69 18 0 56 82 84 
14 12 72 7 56 14 56 0 37 85 
99 83 13 94 95 97 82 37 0 88 
9 76 24 39 5 20 84 85 88 0 
