10
0 68 25 21 20 43 79 7 37 71 
68 0 61 84 30 80 67 24 99 62 
25 61 0 37 57 63 64 76 18 53 
21 84 37 0 26 67 8 45 73 5 
20 30 57 26 0 11 88 14 36 11 
43 80 63 67 11 0 87 37 89 89 
79 67 64 8 88 87 0 90 12 89 
7 24 76 45 14 37 90 0 12 8 
37 99 18 73 36 89 12 12 0 79 
71 62 53 5 11 89 89 8 79 0 